1	Ball_1	2	10	50	80	420	1	2	0	95|95
2	Ball_1	2	10	50	80	420	1|2	2|1	0	95|95
3	Ball_1	1	10	50	80	420	0	0	2|1	130|130
4	Ball_1	1	20	50	80	420	0	0	3|3	150|150
5	Ball_1	1	40	50	80	420	0	0	4|4	180|180
6	Ball_1	1	80	50	80	420	0	0	5|5	220|220
7	Ball_2	2	20	100	120	420	1|2	2|1	0	95|95
8	Ball_2	2	20	100	120	420	2|3	1|1	0	95|95
9	Ball_2	1	20	100	120	420	0	0	8|7	130|130
10	Ball_2	1	40	100	120	420	0	0	9|9	150|150
11	Ball_2	1	80	100	120	420	0	0	10|10	180|180
12	Ball_2	1	160	100	120	420	0	0	11|11	220|220
13	Ball_3	2	20	80	100	420	1|3	2|1	0	95|95
14	Ball_3	2	20	80	100	420	2|4	1|1	0	95|95
15	Ball_3	1	20	80	100	420	0	0	14|13	130|130
16	Ball_3	1	40	80	100	420	0	0	15|15	150|150
17	Ball_3	1	80	80	100	420	0	0	16|16	180|180
18	Ball_3	1	160	80	100	420	0	0	17|17	220|220
19	Ball_4	2	20	80	100	420	2|3	2|1	0	95|95
20	Ball_4	2	20	80	100	420	3|4	1|1	0	95|95
21	Ball_4	1	20	80	100	420	0	0	20|19	130|130
22	Ball_4	1	40	80	100	420	0	0	21|21	150|150
23	Ball_4	1	80	80	100	420	0	0	22|22	180|180
24	Ball_4	1	160	80	100	420	0	0	23|23	220|220
25	Ball_5	2	20	50	80	420	2|4	1|1	0	95|95
26	Ball_5	2	20	50	80	420	1|5	1|1	0	95|95
27	Ball_5	1	20	50	80	420	0	0	26|25	130|130
28	Ball_5	1	40	50	80	420	0	0	27|27	150|150
29	Ball_5	1	80	50	80	420	0	0	28|28	180|180
30	Ball_5	1	160	50	80	420	0	0	29|29	220|220
31	Ball_6	2	20	100	120	420	3|4	2|1	0	95|95
32	Ball_6	2	20	100	120	420	3|5	1|1	0	95|95
33	Ball_6	1	20	100	120	420	0	0	32|31	130|130
34	Ball_6	1	40	100	120	420	0	0	33|33	150|150
35	Ball_6	1	80	100	120	420	0	0	34|34	180|180
36	Ball_6	1	160	100	120	420	0	0	35|35	220|220
